0.164062 0.382812
0.570312 0.167969
0.539062 0.152344
0.894531 0.683594
0.285156 0.992188
0.570312 0.566406
0.300781 0.742188
0.238281 0.328125
0.382812 0.460938
0.765625 0.867188
0.527344 0.730469
0.414062 0.531250
0.246094 0.468750
0.769531 0.636719
0.761719 0.921875
0.335938 0.972656
0.375000 0.000000
0.792969 0.031250
0.441406 0.425781
0.394531 0.859375
0.664062 0.867188
0.964844 0.941406
0.707031 0.582031
0.441406 0.417969
0.312500 0.292969
0.976562 0.968750
0.421875 0.992188
0.027344 0.546875
0.996094 0.062500
0.925781 0.257812
0.503906 0.289062
0.882812 0.082031
0.308594 0.824219
0.417969 0.183594
0.437500 0.312500
0.648438 0.945312
0.402344 0.601562
0.941406 0.105469
0.093750 0.800781
0.871094 0.500000
0.933594 0.628906
0.468750 0.347656
0.773438 0.300781
0.226562 0.140625
0.234375 0.371094
0.320312 0.429688
0.500000 0.332031
0.011719 0.187500
0.718750 0.828125
0.257812 0.546875
0.558594 0.824219
0.875000 0.972656
0.566406 0.085938
0.875000 0.308594
0.316406 0.781250
0.804688 0.195312
0.636719 0.109375
0.175781 0.734375
0.246094 0.203125
0.351562 0.546875
0.656250 0.789062
0.445312 0.468750
0.230469 0.265625
0.128906 0.566406
0.621094 0.242188
0.371094 0.273438
0.109375 0.718750
0.542969 0.742188
0.480469 0.355469
0.382812 0.769531
0.488281 0.593750
0.765625 0.875000
0.058594 0.582031
0.273438 0.406250
0.757812 0.097656
0.988281 0.695312
0.210938 0.984375
0.054688 0.710938
0.425781 0.789062
0.882812 0.710938
0.277344 0.550781
0.066406 0.769531
0.628906 0.015625
0.363281 0.316406
0.726562 0.707031
0.339844 0.945312
0.953125 0.566406
0.539062 0.164062
0.078125 0.152344
0.203125 0.886719
0.480469 0.609375
0.980469 0.773438
0.101562 0.878906
0.140625 0.753906
0.066406 0.855469
0.179688 0.363281
0.203125 0.476562
0.902344 0.683594
0.906250 0.972656
0.296875 0.000000
0.121094 0.683594
0.863281 0.558594
0.328125 0.273438
0.144531 0.933594
0.843750 0.179688
0.644531 0.960938
0.828125 0.636719
0.414062 0.207031
0.769531 0.636719
0.945312 0.425781
0.382812 0.656250
0.167969 0.527344
0.152344 0.007812
0.683594 0.917969
0.992188 0.097656
0.566406 0.359375
0.742188 0.078125
0.328125 0.566406
0.460938 0.539062
0.867188 0.300781
0.730469 0.269531
0.531250 0.648438
0.468750 0.304688
0.636719 0.687500
0.921875 0.675781
0.972656 0.828125
0.000000 0.648438
0.031250 0.441406
0.425781 0.367188
0.859375 0.628906
0.867188 0.160156
0.941406 0.195312
0.582031 0.933594
0.417969 0.191406
0.292969 0.433594
0.968750 0.640625
0.992188 0.273438
0.546875 0.234375
0.062500 0.007812
0.257812 0.144531
0.289062 0.667969
0.082031 0.292969
0.824219 0.531250
0.183594 0.609375
0.312500 0.042969
0.945312 0.218750
0.601562 0.164062
0.105469 0.570312
0.800781 0.539062
0.500000 0.894531
0.628906 0.285156
0.347656 0.570312
0.300781 0.300781
0.140625 0.238281
0.371094 0.382812
0.429688 0.765625
0.332031 0.527344
0.187500 0.414062
0.828125 0.246094
0.546875 0.769531
0.824219 0.761719
0.972656 0.335938
0.085938 0.375000
0.308594 0.792969
0.781250 0.441406
0.195312 0.394531
0.109375 0.664062
0.734375 0.964844
0.203125 0.707031
0.546875 0.441406
0.789062 0.312500
0.468750 0.976562
0.265625 0.421875
0.566406 0.027344
0.242188 0.996094
0.273438 0.925781
0.718750 0.503906
0.742188 0.882812
0.355469 0.308594
0.769531 0.417969
0.593750 0.437500
0.875000 0.648438
0.582031 0.402344
0.406250 0.941406
0.097656 0.093750
0.695312 0.871094
0.984375 0.933594
0.710938 0.468750
0.789062 0.773438
0.710938 0.226562
0.550781 0.234375
0.769531 0.320312
0.015625 0.500000
0.316406 0.011719
0.707031 0.718750
0.945312 0.257812
0.566406 0.558594
0.164062 0.875000
0.152344 0.566406
0.886719 0.875000
0.609375 0.316406
0.773438 0.804688
0.878906 0.636719
0.753906 0.175781
0.855469 0.246094
0.363281 0.351562
0.476562 0.656250
0.683594 0.445312
0.972656 0.230469
0.000000 0.128906
0.683594 0.621094
0.558594 0.371094
0.273438 0.109375
0.933594 0.542969
0.179688 0.480469
0.960938 0.382812
0.636719 0.488281
0.207031 0.765625
0.636719 0.058594
0.425781 0.273438
0.656250 0.757812
0.527344 0.988281
0.007812 0.210938
0.917969 0.054688
0.097656 0.425781
0.359375 0.882812
0.078125 0.277344
0.566406 0.066406
0.539062 0.628906
0.300781 0.363281
0.269531 0.726562
0.648438 0.339844
0.304688 0.953125
0.687500 0.539062
0.675781 0.078125
0.828125 0.203125
0.648438 0.480469
0.441406 0.980469
0.367188 0.101562
0.628906 0.140625
0.160156 0.066406
0.195312 0.179688
0.933594 0.203125
0.191406 0.902344
0.433594 0.906250
0.640625 0.296875
0.273438 0.121094
0.234375 0.863281
0.007812 0.328125
0.144531 0.144531
0.667969 0.843750
0.292969 0.644531
0.531250 0.828125
0.609375 0.414062
0.042969 0.769531
0.218750 0.945312
0.164062 0.382812
0.570312 0.167969
0.539062 0.152344
0.894531 0.683594
0.285156 0.992188
0.570312 0.566406
0.300781 0.742188
0.238281 0.328125
0.382812 0.460938
0.765625 0.867188
0.527344 0.730469
0.414062 0.531250
0.246094 0.468750
0.769531 0.636719
0.761719 0.921875
0.335938 0.972656
0.375000 0.000000
0.792969 0.031250
0.441406 0.425781
0.394531 0.859375
0.664062 0.867188
0.964844 0.941406
0.707031 0.582031
0.441406 0.417969
0.312500 0.292969
0.976562 0.968750
0.421875 0.992188
0.027344 0.546875
0.996094 0.062500
0.925781 0.257812
0.503906 0.289062
0.882812 0.082031
0.308594 0.824219
0.417969 0.183594
0.437500 0.312500
0.648438 0.945312
0.402344 0.601562
0.941406 0.105469
0.093750 0.800781
0.871094 0.500000
0.933594 0.628906
0.468750 0.347656
0.773438 0.300781
0.226562 0.140625
0.234375 0.371094
0.320312 0.429688
0.500000 0.332031
0.011719 0.187500
0.718750 0.828125
0.257812 0.546875
0.558594 0.824219
0.875000 0.972656
0.566406 0.085938
0.875000 0.308594
0.316406 0.781250
0.804688 0.195312
0.636719 0.109375
0.175781 0.734375
0.246094 0.203125
0.351562 0.546875
0.656250 0.789062
0.445312 0.468750
0.230469 0.265625
0.128906 0.566406
0.621094 0.242188
0.371094 0.273438
0.109375 0.718750
0.542969 0.742188
0.480469 0.355469
0.382812 0.769531
0.488281 0.593750
0.765625 0.875000
0.058594 0.582031
0.273438 0.406250
0.757812 0.097656
0.988281 0.695312
0.210938 0.984375
0.054688 0.710938
0.425781 0.789062
0.882812 0.710938
0.277344 0.550781
0.066406 0.769531
0.628906 0.015625
0.363281 0.316406
0.726562 0.707031
0.339844 0.945312
0.953125 0.566406
0.539062 0.164062
0.078125 0.152344
0.203125 0.886719
0.480469 0.609375
0.980469 0.773438
0.101562 0.878906
0.140625 0.753906
0.066406 0.855469
0.179688 0.363281
0.203125 0.476562
0.902344 0.683594
0.906250 0.972656
0.296875 0.000000
0.121094 0.683594
0.863281 0.558594
0.328125 0.273438
0.144531 0.933594
0.843750 0.179688
0.644531 0.960938
0.828125 0.636719
0.414062 0.207031
0.769531 0.636719
0.945312 0.425781
0.382812 0.656250
0.167969 0.527344
0.152344 0.007812
0.683594 0.917969
0.992188 0.097656
0.566406 0.359375
0.742188 0.078125
0.328125 0.566406
0.460938 0.539062
0.867188 0.300781
0.730469 0.269531
0.531250 0.648438
0.468750 0.304688
0.636719 0.687500
0.921875 0.675781
0.972656 0.828125
0.000000 0.648438
0.031250 0.441406
0.425781 0.367188
0.859375 0.628906
0.867188 0.160156
0.941406 0.195312
0.582031 0.933594
0.417969 0.191406
0.292969 0.433594
0.968750 0.640625
0.992188 0.273438
0.546875 0.234375
0.062500 0.007812
0.257812 0.144531
0.289062 0.667969
0.082031 0.292969
0.824219 0.531250
0.183594 0.609375
0.312500 0.042969
0.945312 0.218750
0.601562 0.164062
0.105469 0.570312
0.800781 0.539062
0.500000 0.894531
0.628906 0.285156
0.347656 0.570312
0.300781 0.300781
0.140625 0.238281
0.371094 0.382812
0.429688 0.765625
0.332031 0.527344
0.187500 0.414062
0.828125 0.246094
0.546875 0.769531
0.824219 0.761719
0.972656 0.335938
0.085938 0.375000
0.308594 0.792969
0.781250 0.441406
0.195312 0.394531
0.109375 0.664062
0.734375 0.964844
0.203125 0.707031
0.546875 0.441406
0.789062 0.312500
0.468750 0.976562
0.265625 0.421875
0.566406 0.027344
0.242188 0.996094
0.273438 0.925781
0.718750 0.503906
0.742188 0.882812
0.355469 0.308594
0.769531 0.417969
0.593750 0.437500
0.875000 0.648438
0.582031 0.402344
0.406250 0.941406
0.097656 0.093750
0.695312 0.871094
0.984375 0.933594
0.710938 0.468750
0.789062 0.773438
0.710938 0.226562
0.550781 0.234375
0.769531 0.320312
0.015625 0.500000
0.316406 0.011719
0.707031 0.718750
0.945312 0.257812
0.566406 0.558594
0.164062 0.875000
0.152344 0.566406
0.886719 0.875000
0.609375 0.316406
0.773438 0.804688
0.878906 0.636719
0.753906 0.175781
0.855469 0.246094
0.363281 0.351562
0.476562 0.656250
0.683594 0.445312
0.972656 0.230469
0.000000 0.128906
0.683594 0.621094
0.558594 0.371094
0.273438 0.109375
0.933594 0.542969
0.179688 0.480469
0.960938 0.382812
0.636719 0.488281
0.207031 0.765625
0.636719 0.058594
0.425781 0.273438
0.656250 0.757812
0.527344 0.988281
0.007812 0.210938
0.917969 0.054688
0.097656 0.425781
0.359375 0.882812
0.078125 0.277344
0.566406 0.066406
0.539062 0.628906
0.300781 0.363281
0.269531 0.726562
0.648438 0.339844
0.304688 0.953125
0.687500 0.539062
0.675781 0.078125
0.828125 0.203125
0.648438 0.480469
0.441406 0.980469
0.367188 0.101562
0.628906 0.140625
0.160156 0.066406
0.195312 0.179688
0.933594 0.203125
0.191406 0.902344
