+0.03372000000000 +0.17199000000000
+0.24230000000000 +0.32014000000000
+0.14738000000000 +0.19423000000000
+0.31752000000000 +0.09462000000000
+0.09212000000000 +0.08561000000000
+0.14169000000000 +0.18200000000000
+0.20091000000000 +0.04707000000000
+0.07002000000000 +0.08267000000000
+0.19075000000000 +0.01257000000000
+0.06340000000000 +0.21456000000000
+0.31304000000000 +0.10658000000000
+0.29807000000000 +0.07200000000000
+0.27667000000000 +0.29765000000000
+0.27837000000000 +0.21237000000000
+0.09701000000000 +0.14430000000000
+0.31013000000000 +0.29632000000000
+0.05601000000000 +0.03560000000000
+0.12187000000000 +0.12398000000000
+0.06872000000000 +0.00069000000000
+0.23230000000000 +0.16850000000000
+0.19330000000000 +0.03217000000000
+0.18410000000000 +0.12904000000000
+0.16944000000000 +0.20862000000000
+0.01916000000000 +0.07776000000000
+0.14056000000000 +0.32171000000000
+0.23807000000000 +0.09946000000000
+0.19655000000000 +0.19228000000000
+0.20414000000000 +0.12156000000000
+0.25134000000000 +0.28558000000000
+0.20568000000000 +0.23433000000000
+0.05310000000000 +0.07865000000000
+0.02570000000000 +0.00533000000000
+0.26703000000000 +0.10555000000000
+0.02788000000000 +0.19463000000000
+0.19717000000000 +0.22489000000000
+0.07809000000000 +0.12550000000000
+0.16553000000000 +0.16985000000000
+0.30238000000000 +0.07627000000000
+0.10489000000000 +0.12624000000000
+0.01888000000000 +0.21410000000000
+0.32328000000000 +0.20402000000000
+0.27432000000000 +0.16052000000000
+0.24901000000000 +0.14780000000000
+0.15801000000000 +0.10268000000000
+0.03046000000000 +0.12410000000000
+0.02198000000000 +0.10152000000000
+0.01739000000000 +0.10106000000000
+0.10044000000000 +0.11050000000000
+0.24451000000000 +0.32518000000000
+0.12254000000000 +0.00901000000000
+0.05931000000000 +0.26623000000000
+0.15802000000000 +0.18387000000000
+0.15847000000000 +0.02407000000000
+0.25214000000000 +0.13400000000000
+0.03662000000000 +0.04873000000000
+0.25596000000000 +0.09851000000000
+0.07484000000000 +0.31401000000000
+0.04854000000000 +0.10081000000000
+0.22483000000000 +0.23173000000000
+0.25113000000000 +0.12692000000000
+0.11251000000000 +0.16163000000000
+0.21042000000000 +0.19045000000000
+0.32631000000000 +0.31431000000000
+0.02149000000000 +0.00158000000000
+0.00078000000000 +0.25128000000000
+0.31066000000000 +0.19381000000000
+0.01656000000000 +0.22474000000000
+0.05423000000000 +0.10300000000000
+0.05916000000000 +0.22348000000000
+0.29595000000000 +0.23798000000000
+0.09847000000000 +0.24343000000000
+0.05200000000000 +0.04395000000000
+0.13740000000000 +0.08835000000000
+0.08425000000000 +0.13795000000000
+0.08777000000000 +0.28722000000000
+0.07882000000000 +0.10335000000000
+0.06972000000000 +0.12692000000000
+0.29199000000000 +0.00239000000000
+0.03287000000000 +0.21778000000000
+0.03537000000000 +0.05109000000000
+0.26735000000000 +0.14002000000000
+0.14370000000000 +0.07207000000000
+0.14901000000000 +0.17056000000000
+0.24001000000000 +0.13744000000000
+0.03283000000000 +0.23270000000000
+0.25094000000000 +0.25801000000000
+0.26433000000000 +0.02910000000000
+0.27006000000000 +0.27335000000000
+0.18104000000000 +0.31927000000000
+0.03421000000000 +0.19932000000000
+0.28929000000000 +0.23145000000000
+0.30266000000000 +0.20684000000000
+0.27128000000000 +0.19720000000000
+0.04011000000000 +0.14996000000000
+0.21112000000000 +0.05209000000000
+0.27916000000000 +0.21847000000000
+0.11896000000000 +0.14330000000000
+0.31248000000000 +0.26880000000000
+0.21440000000000 +0.23324000000000
+0.23827000000000 +0.21608000000000
+0.14862000000000 +0.08112000000000
+0.00958000000000 +0.07793000000000
+0.21946000000000 +0.21961000000000
+0.25953000000000 +0.00656000000000
+0.24309000000000 +0.17776000000000
+0.09730000000000 +0.16626000000000
+0.20049000000000 +0.23367000000000
+0.05084000000000 +0.11231000000000
+0.26492000000000 +0.29751000000000
+0.10839000000000 +0.08286000000000
+0.01043000000000 +0.07385000000000
+0.25682000000000 +0.27155000000000
+0.28711000000000 +0.06254000000000
+0.30281000000000 +0.03011000000000
+0.31179000000000 +0.31168000000000
+0.03515000000000 +0.03154000000000
+0.15345000000000 +0.13057000000000
+0.16074000000000 +0.24801000000000
+0.02789000000000 +0.17697000000000
+0.11770000000000 +0.24650000000000
+0.03878000000000 +0.06402000000000
+0.22399000000000 +0.12012000000000
+0.04770000000000 +0.26449000000000
+0.28549000000000 +0.17322000000000
+0.04001000000000 +0.07446000000000
+0.31596000000000 +0.24119000000000
+0.12803000000000 +0.01533000000000
+0.31708000000000 +0.26950000000000
+0.17691000000000 +0.16120000000000
+0.12692000000000 +0.30344000000000
+0.20565000000000 +0.32180000000000
+0.27880000000000 +0.03010000000000
+0.23113000000000 +0.18833000000000
+0.07326000000000 +0.20005000000000
+0.09742000000000 +0.23189000000000
+0.31420000000000 +0.31654000000000
+0.29889000000000 +0.12550000000000
+0.21436000000000 +0.19827000000000
+0.12529000000000 +0.07483000000000
+0.22813000000000 +0.27186000000000
+0.21064000000000 +0.23416000000000
+0.15243000000000 +0.22221000000000
+0.10649000000000 +0.07216000000000
+0.29317000000000 +0.10944000000000
+0.12622000000000 +0.02120000000000
+0.27565000000000 +0.26565000000000
+0.06278000000000 +0.12320000000000
+0.15272000000000 +0.01397000000000
+0.23656000000000 +0.09074000000000
+0.06004000000000 +0.27403000000000
+0.32057000000000 +0.25515000000000
+0.09908000000000 +0.08321000000000
+0.24992000000000 +0.17178000000000
+0.21051000000000 +0.13038000000000
+0.06179000000000 +0.05214000000000
+0.16519000000000 +0.01731000000000
+0.09074000000000 +0.01985000000000
+0.17810000000000 +0.11548000000000
+0.07941000000000 +0.13513000000000
+0.20816000000000 +0.27131000000000
+0.10720000000000 +0.04962000000000
+0.10736000000000 +0.23129000000000
+0.28275000000000 +0.15129000000000
+0.14624000000000 +0.13709000000000
+0.22316000000000 +0.24612000000000
+0.26558000000000 +0.11795000000000
+0.00344000000000 +0.05436000000000
+0.04885000000000 +0.14337000000000
+0.32617000000000 +0.00481000000000
+0.10940000000000 +0.29123000000000
+0.06795000000000 +0.26253000000000
+0.07353000000000 +0.26494000000000
+0.06926000000000 +0.20290000000000
+0.13571000000000 +0.16272000000000
+0.05306000000000 +0.07434000000000
+0.30755000000000 +0.13215000000000
+0.00460000000000 +0.24180000000000
+0.15768000000000 +0.15166000000000
+0.02844000000000 +0.16511000000000
+0.18258000000000 +0.13618000000000
+0.21096000000000 +0.03592000000000
+0.27247000000000 +0.04414000000000
+0.20900000000000 +0.15662000000000
+0.25929000000000 +0.32043000000000
+0.05279000000000 +0.28043000000000
+0.04121000000000 +0.08168000000000
+0.13425000000000 +0.09513000000000
+0.32759000000000 +0.07261000000000
+0.25302000000000 +0.11564000000000
+0.16102000000000 +0.14457000000000
+0.04064000000000 +0.20055000000000
+0.07829000000000 +0.07357000000000
+0.10670000000000 +0.25424000000000
+0.05923000000000 +0.30178000000000
+0.17839000000000 +0.08014000000000
+0.04760000000000 +0.28124000000000
+0.17835000000000 +0.29524000000000
+0.06911000000000 +0.18258000000000
+0.13810000000000 +0.31521000000000
+0.29770000000000 +0.20473000000000
+0.28364000000000 +0.21103000000000
+0.23901000000000 +0.23788000000000
+0.11555000000000 +0.09786000000000
+0.18592000000000 +0.06603000000000
+0.07052000000000 +0.32488000000000
+0.30621000000000 +0.03266000000000
+0.11300000000000 +0.05586000000000
+0.13993000000000 +0.28795000000000
+0.07762000000000 +0.17020000000000
+0.03912000000000 +0.19071000000000
+0.03855000000000 +0.04806000000000
+0.00286000000000 +0.11995000000000
+0.26275000000000 +0.28425000000000
+0.22577000000000 +0.32739000000000
+0.26242000000000 +0.28789000000000
+0.27682000000000 +0.00843000000000
+0.21503000000000 +0.13442000000000
+0.31632000000000 +0.27020000000000
+0.12741000000000 +0.15792000000000
+0.24379000000000 +0.22250000000000
+0.31450000000000 +0.14834000000000
+0.22135000000000 +0.31561000000000
+0.13506000000000 +0.00485000000000
+0.26957000000000 +0.01232000000000
+0.09052000000000 +0.23291000000000
+0.19570000000000 +0.03616000000000
+0.20134000000000 +0.10889000000000
+0.03967000000000 +0.25917000000000
+0.29940000000000 +0.22278000000000
+0.00030000000000 +0.18262000000000
+0.10228000000000 +0.19696000000000
+0.30030000000000 +0.24174000000000
+0.21345000000000 +0.07313000000000
+0.02873000000000 +0.20473000000000
+0.19520000000000 +0.23818000000000
+0.31492000000000 +0.27206000000000
+0.32724000000000 +0.05275000000000
+0.27753000000000 +0.13316000000000
+0.23225000000000 +0.13008000000000
+0.23568000000000 +0.10048000000000
+0.16021000000000 +0.14355000000000
+0.28508000000000 +0.01203000000000
+0.20074000000000 +0.12593000000000
+0.25166000000000 +0.14834000000000
+0.29098000000000 +0.25500000000000
+0.03389000000000 +0.04716000000000
+0.28474000000000 +0.10735000000000
+0.11120000000000 +0.25084000000000
+0.17779000000000 +0.06866000000000
+0.14996000000000 +0.28703000000000
+0.14994000000000 +0.05885000000000
+0.17800000000000 +0.24895000000000
+0.10737000000000 +0.02144000000000
+0.17433000000000 +0.29838000000000
+0.10578000000000 +0.14230000000000
+0.12528000000000 +0.02906000000000
+0.26209000000000 +0.23338000000000
+0.23634000000000 +0.21603000000000
+0.22309000000000 +0.15022000000000
+0.03936000000000 +0.07592000000000
+0.21255000000000 +0.19208000000000
+0.29144000000000 +0.12926000000000
+0.17050000000000 +0.20002000000000
+0.14019000000000 +0.03293000000000
+0.23763000000000 +0.24375000000000
+0.18105000000000 +0.21135000000000
+0.29377000000000 +0.19173000000000
+0.08193000000000 +0.26093000000000
+0.02491000000000 +0.06821000000000
+0.06253000000000 +0.27073000000000
+0.22795000000000 +0.09414000000000
+0.01663000000000 +0.08730000000000
+0.25835000000000 +0.19458000000000
+0.28222000000000 +0.12586000000000
+0.00156000000000 +0.05562000000000
+0.21320000000000 +0.22197000000000
+0.08957000000000 +0.04663000000000
+0.32143000000000 +0.32111000000000
+0.19817000000000 +0.28222000000000
+0.20681000000000 +0.12255000000000
+0.17748000000000 +0.29155000000000
+0.30810000000000 +0.06641000000000
+0.30263000000000 +0.19576000000000
+0.17671000000000 +0.29891000000000
+0.04780000000000 +0.29788000000000
+0.26408000000000 +0.21768000000000
+0.29507000000000 +0.25394000000000
+0.04671000000000 +0.18530000000000
+0.17175000000000 +0.07052000000000
+0.00227000000000 +0.23925000000000
+0.14595000000000 +0.13287000000000
+0.16339000000000 +0.19808000000000
+0.15247000000000 +0.21542000000000
+0.16253000000000 +0.26662000000000
+0.11972000000000 +0.32237000000000
+0.12990000000000 +0.13382000000000
+0.11350000000000 +0.29535000000000
+0.19116000000000 +0.20406000000000
+0.23110000000000 +0.17037000000000
+0.13787000000000 +0.13433000000000
+0.23987000000000 +0.06518000000000
+0.05744000000000 +0.13054000000000
+0.32098000000000 +0.14555000000000
+0.05712000000000 +0.06332000000000
+0.25128000000000 +0.23498000000000
+0.12553000000000 +0.26366000000000
+0.06311000000000 +0.19820000000000
+0.05889000000000 +0.31099000000000
+0.06503000000000 +0.02515000000000
+0.31431000000000 +0.28403000000000
+0.01759000000000 +0.22428000000000
+0.20291000000000 +0.18556000000000
+0.17156000000000 +0.01427000000000
+0.21158000000000 +0.17254000000000
+0.25744000000000 +0.23011000000000
+0.06270000000000 +0.23551000000000
+0.26287000000000 +0.12453000000000
+0.10769000000000 +0.05623000000000
+0.08419000000000 +0.00789000000000
+0.12812000000000 +0.08339000000000
+0.32578000000000 +0.04367000000000
+0.28058000000000 +0.05627000000000
+0.22685000000000 +0.12655000000000
+0.02406000000000 +0.26953000000000
+0.19637000000000 +0.19307000000000
+0.14287000000000 +0.03003000000000
+0.10167000000000 +0.26493000000000
+0.15042000000000 +0.24525000000000
+0.09959000000000 +0.06299000000000
+0.25517000000000 +0.17132000000000
+0.10340000000000 +0.32387000000000
+0.29868000000000 +0.09833000000000
+0.21513000000000 +0.10825000000000
+0.30203000000000 +0.32437000000000
+0.08153000000000 +0.30401000000000
+0.32570000000000 +0.09728000000000
+0.22013000000000 +0.16061000000000
+0.02095000000000 +0.21244000000000
+0.05974000000000 +0.09695000000000
+0.31692000000000 +0.27752000000000
+0.29705000000000 +0.11101000000000
+0.04926000000000 +0.03022000000000
+0.18661000000000 +0.07536000000000
+0.00890000000000 +0.18944000000000
+0.25055000000000 +0.24764000000000
+0.00609000000000 +0.10413000000000
+0.31483000000000 +0.25214000000000
+0.13907000000000 +0.25460000000000
+0.30852000000000 +0.07598000000000
+0.13497000000000 +0.28715000000000
+0.09906000000000 +0.07914000000000
+0.04676000000000 +0.12376000000000
+0.14365000000000 +0.04155000000000
+0.07198000000000 +0.18762000000000
+0.11892000000000 +0.27975000000000
+0.01831000000000 +0.21050000000000
+0.25244000000000 +0.31352000000000
+0.12046000000000 +0.12049000000000
+0.32367000000000 +0.07134000000000
+0.04214000000000 +0.30492000000000
+0.14268000000000 +0.09227000000000
+0.08253000000000 +0.01257000000000
+0.09636000000000 +0.10626000000000
+0.24780000000000 +0.09732000000000
+0.09915000000000 +0.20531000000000
+0.12441000000000 +0.03451000000000
+0.32406000000000 +0.15493000000000
+0.01106000000000 +0.06436000000000
+0.09886000000000 +0.21927000000000
+0.28147000000000 +0.05328000000000
+0.18261000000000 +0.19740000000000
+0.28975000000000 +0.22713000000000
+0.11103000000000 +0.16935000000000
+0.15048000000000 +0.19847000000000
+0.32162000000000 +0.01816000000000
+0.31215000000000 +0.07223000000000
+0.27316000000000 +0.20415000000000
+0.00676000000000 +0.21526000000000
+0.28549000000000 +0.08940000000000
+0.24920000000000 +0.03349000000000
+0.31531000000000 +0.29095000000000
+0.08079000000000 +0.09373000000000
+0.10149000000000 +0.08471000000000
+0.01015000000000 +0.29051000000000
+0.01802000000000 +0.17837000000000
+0.23303000000000 +0.07505000000000
+0.18884000000000 +0.00427000000000
+0.16114000000000 +0.22170000000000
+0.01501000000000 +0.14593000000000
+0.10513000000000 +0.17799000000000
+0.00547000000000 +0.18097000000000
+0.09420000000000 +0.26522000000000
+0.21901000000000 +0.31727000000000
+0.14657000000000 +0.17165000000000
+0.23335000000000 +0.22445000000000
+0.10419000000000 +0.16133000000000
+0.03001000000000 +0.00520000000000
+0.12306000000000 +0.24018000000000
+0.15878000000000 +0.10197000000000
+0.04133000000000 +0.08782000000000
+0.04784000000000 +0.05266000000000
+0.21768000000000 +0.23938000000000
+0.16331000000000 +0.19967000000000
+0.12166000000000 +0.27432000000000
+0.13453000000000 +0.11406000000000
+0.09727000000000 +0.22780000000000
+0.01326000000000 +0.00431000000000
+0.31068000000000 +0.02736000000000
+0.11330000000000 +0.10903000000000
+0.02493000000000 +0.31743000000000
+0.16468000000000 +0.10306000000000
+0.25508000000000 +0.18248000000000
+0.19092000000000 +0.12294000000000
+0.27103000000000 +0.11830000000000
+0.32182000000000 +0.07094000000000
+0.11972000000000 +0.00449000000000
+0.28834000000000 +0.31738000000000
+0.32279000000000 +0.06252000000000
+0.19759000000000 +0.23827000000000
+0.19651000000000 +0.08229000000000
+0.23764000000000 +0.30853000000000
+0.18953000000000 +0.07300000000000
+0.11398000000000 +0.14874000000000
+0.14536000000000 +0.15693000000000
+0.19243000000000 +0.32548000000000
+0.30393000000000 +0.27026000000000
+0.22618000000000 +0.21895000000000
+0.20802000000000 +0.32478000000000
+0.07764000000000 +0.30169000000000
+0.04488000000000 +0.20182000000000
+0.15602000000000 +0.17191000000000
+0.07623000000000 +0.31430000000000
+0.28103000000000 +0.13857000000000
+0.31438000000000 +0.05506000000000
+0.29971000000000 +0.21828000000000
+0.26862000000000 +0.30006000000000
+0.31429000000000 +0.24708000000000
+0.08206000000000 +0.23475000000000
+0.28408000000000 +0.23263000000000
+0.07736000000000 +0.27263000000000
+0.27334000000000 +0.24233000000000
+0.06185000000000 +0.19575000000000
+0.24291000000000 +0.07792000000000
+0.00368000000000 +0.19384000000000
+0.30312000000000 +0.14458000000000
+0.28382000000000 +0.12171000000000
+0.02129000000000 +0.07412000000000
+0.10386000000000 +0.30042000000000
+0.19419000000000 +0.01272000000000
+0.21205000000000 +0.21029000000000
+0.10546000000000 +0.25380000000000
+0.03376000000000 +0.19672000000000
+0.06514000000000 +0.22497000000000
+0.00117000000000 +0.09169000000000
+0.09002000000000 +0.00046000000000
+0.19577000000000 +0.26879000000000
+0.01371000000000 +0.02273000000000
+0.09095000000000 +0.11944000000000
+0.32258000000000 +0.25423000000000
+0.20100000000000 +0.28243000000000
+0.14065000000000 +0.18118000000000
+0.16470000000000 +0.21301000000000
+0.04740000000000 +0.29408000000000
+0.17047000000000 +0.21134000000000
+0.27784000000000 +0.05965000000000
+0.30784000000000 +0.31927000000000
+0.26450000000000 +0.31040000000000
+0.23467000000000 +0.08176000000000
+0.08181000000000 +0.08505000000000
+0.32169000000000 +0.13896000000000
+0.05012000000000 +0.00063000000000
+0.16097000000000 +0.29082000000000
+0.07000000000000 +0.19872000000000
+0.25337000000000 +0.11761000000000
+0.01385000000000 +0.00211000000000
+0.27092000000000 +0.10134000000000
+0.05030000000000 +0.24250000000000
+0.26552000000000 +0.00051000000000
+0.24988000000000 +0.13976000000000
+0.14589000000000 +0.23342000000000
+0.18454000000000 +0.07455000000000
+0.25073000000000 +0.11193000000000
+0.15576000000000 +0.16808000000000
+0.19363000000000 +0.13512000000000
+0.10271000000000 +0.19152000000000
+0.22813000000000 +0.15553000000000
+0.06935000000000 +0.27240000000000
+0.08501000000000 +0.26227000000000
+0.00879000000000 +0.25882000000000
+0.25205000000000 +0.32016000000000
+0.32031000000000 +0.20020000000000
+0.24988000000000 +0.21428000000000
+0.00975000000000 +0.28315000000000
+0.15975000000000 +0.11394000000000
+0.29058000000000 +0.21087000000000
+0.23533000000000 +0.05977000000000
+0.16577000000000 +0.01489000000000
+0.17380000000000 +0.01429000000000
+0.09309000000000 +0.19682000000000
+0.12827000000000 +0.12738000000000
